PI = 3.141592653598126
Time = 0.003051 seconds
Number of threads = 12
