PI = 3.141592653598162
Time = 0.000268 seconds
