PI = 3.290157698185033
Time = 0.001635 seconds
Number of threads = 8
